%YAML:1.0
data: !!opencv-matrix
   rows: 1
   cols: 40
   dt: f
   data: [ 228., 229., 230., 231., 224., 225., 226., 227., 220., 221.,
       222., 223., 216., 217., 218., 219., 212., 213., 214., 215., 208.,
       209., 210., 211., 204., 205., 206., 207., 200., 201., 202., 203.,
       196., 197., 198., 199., 192., 193., 194., 195. ]
