%YAML:1.0
data: !!opencv-matrix
   rows: 1
   cols: 104
   dt: f
   data: [ 488., 489., 490., 491., 484., 485., 486., 487., 480., 481.,
       482., 483., 476., 477., 478., 479., 472., 473., 474., 475., 468.,
       469., 470., 471., 464., 465., 466., 467., 460., 461., 462., 463.,
       456., 457., 458., 459., 452., 453., 454., 455., 448., 449., 450.,
       451., 444., 445., 446., 447., 440., 441., 442., 443., 436., 437.,
       438., 439., 432., 433., 434., 435., 428., 429., 430., 431., 424.,
       425., 426., 427., 420., 421., 422., 423., 416., 417., 418., 419.,
       412., 413., 414., 415., 408., 409., 410., 411., 404., 405., 406.,
       407., 400., 401., 402., 403., 396., 397., 398., 399., 392., 393.,
       394., 395., 388., 389., 390., 391. ]
